111111 11111. 111. 11. 111. 11. nm

11111111111111111111111111111. 1111111111. 1111111111 111111
111111111111111111111 111111111111· 1111 1111111111 1111111 111111, 11111
1111111 1111111111111111111111. 1111111 11111111 11111111. Plebs
Ι 11111111111111111111. 11111 11111 111111 1111111111111111 111-
1111. ί811 11111 11111111111 111111 11111 11111111 111111 11111111111111.
1111111111111 pm· mmm 1111111111111.11.11. vum-tun
-11111111111111 ιιι. 11. 11111111111 11111111 1111 11111111111111111.
1111111 11111111111111111111111111 1111111, 111111 integerrimi, 111111-
1111111111.’ 111110111111111111· 1111, 1111111,1111111111 1111111111
que 111111 1111111111 111111 111113 111 111111111111111111111111111
mmmmm 111111111111 1111. 11111· 1111111111 1111111111 1111 1111·
111111111111111.11111111111111111111 11111. 111111111111.
Pin. 1111111. 1. 1 1111. 111111 cosse 1111111 capu, 11 13111 op-
1111 tntum, 111 1111111 111 §ubi 11111111 1111 sm 1311111 11111111-
11111ι 1111111111 1111111111111111 11111111] 1111. 1. 11 ogra· 1111111·
11111. 1111111111. 0111111111 1111. 1111111111 iniqu 1111111111 satie.
1.1.11.1.1.(111 11 1111111 11111· 11111. 111111111111111111111·
1111) 11 1111111111111111111 11111 111111 1 111. 1. Pon. 1111.
11111111111111111111111 1111111- 11111111.1111.11111111111111111-
11 1111111111111111111 mm 11111111111111111111111111111111,
11111 11111111. 1111111111 111111 1111111111111111111111111111111
111111111111111111111 111111111- 1111111111111111111. Vm 11 11111.
1111. 11111111 111111. 11. 11. 1111111111111 1111111 11
ffl 1111111111 11111 Mb] 111111 qm omo 11111 fragm. 1111. 111.
Rom 11111 111111 111. 1. 11 111 111111111111111111141111.
1111111 11111· siniti· sttgm. 1111. Μ1111111111111111111111111111.
111111111111111111111111 1111111· 11111111 111 §dmm 1111111 ig·
1111111111111111111111111111111 11111 lav-fl. 11111. 1111111111.
1111111111111111111111111111 11. 11111 111 111. 1. 11. ι1111111
1111111111 11111111 111111 1111111 111111111111111111113 1.11.“(111
111111111ς1111111111111111111 111· 11111 111 ini 11111111111131111.
nnn 11 11111111111111111111111 “11111111111111ι111111111111111111’
1111111 1111111111111111. *111111 mmm suit 1111111111111-
11111111, 11111 11111111 1111111111 111111. 81111111 11111111111111 11·
111111, quieti, 1111 1111111, 111111· 11111111 111 1111. 11111 11111111 11
1111111111111111111,111ι1111,111 11111111 1111111111. 11111111
1111111 1111, 1111111 11111111111111 1111111111. 111. Denique 1111111
1111111111, 1111 11111111 11 11- 11111. 11111111111111111, 1111111
1111 Ι111111 ιιι. 11. ι8111, 111 111 1111111111, 111 11111111 11 ιι. 1. 11.
1111111111 1111111, 111 1111111 1111111 1111111111111 111111111111111·
111 111111 111 1111111111 11111 111. 111111111111111111.111111111
mffituffl 111 11111111, 1111 111· 11111111 1111111111, 11 111111 11111·
11111111 11111 11 11111113 1111111111·- 111. Ptnllotntembpafedflm
111111111111111111111111111111. 11 1. 11111111. 11111111. Vide 11
11. 111. 11111111 nm 11 111111 mmmm.
1111. Rem 11111 noe. 11 hid. §0 1111111 1111111, 111111 etin 11·
1. 1111111111111111111111111, 11 ,men 1111 1111111111] 1111111111,
111111 111111 1111111111 1111111111, 11111111 111111, 11111 1111111111
’11 111 1111111111111 11111111. 11 11 11111 11111 1111111111 1111111111
11111111 111111111111111111111· 1111111111, 11 1111 11111 111111

lulum Mum! 11111 111111111111111111 pub! 1111 numm, ‘mh mm*

 

