4. mvn 44444. 444. ιν. 444. 44. 7414

dent? 11444444441444,44414411444· 144 4411444 amioum] 114 44141 44-’
41444, (144444. ’ ’1444 qumque 411444, 1144 4444444441, 4 bonu 44444 4444

444 4444444444, 444. Rom. 1414. 44 1114441444414144444. 444144 44114441· -

114444. 14111. - 1144144641. 0414414141444141144·

411 1111114 mnino 441444] 114- 44114441411, 44 444144 4444444441.
nidore 441444 1144441. 1441411. 111414. Pro 44 41444 trimi-noxia 4444414,
(114444 Fonteio 4. 11. *1441144414 quod 441444 4444444414 444. Rom.
444414 4444444 444444444444 4444441, 1414. 44 14444. 1411. et 14 4144144444
44114444144444441444111.’ Pro 444444 4444414414, 44-441441441444414
0144444. 444. 41. .· 1141441444 44144444, 4441444144. 4. 4414441444 innoxio 1144.

- 144444144444 44 4444444444, 04414· 14414441 huju· 4141444 144414414144·

4414443. De 11414. 4. 14. ι8141444444, 4444144 444. 44 44. crimini· 14444·
41444444441441414441441444111444444, 141144. codici 4414 multum tribuo.
animmque 4441444443 114444 44444 Ei 144444 4411 fidem 444444 41444-

..- 444 44 4411414444 1144444444 114411, 444, 4444 444 444444444 44444414

4444444414444444444441441144444 441 Livius 144 1444444 414. 44444444
444444444114444444444444. 114444 ‘innoxia 44144144,’ 44 ’144444 441441-
441444. 0444444411111144441441444 44’ 44. 14. ί14144441 44441 44144144
11441444. 4441444 aristatonem 1444441444114· 44 ’444144 erimine*
ὴ14144441444111.4.44. 44. · 444. 41. ‘In 14114444 444444 4444144
0444441444 444 4441444, 4444144444 44144144 4141411144444444 444.’ Pto
mia 44444114 144411441144 4414444 41 444414144444 4 4444 Gronovius 44
441414 41444. Plerique 4414444 44· 4444444441. huju· 4 1444444444 444444
44444444444414444444411444. 041· 414444141444. 1144444444.41.4-1.
‘im 444444414414 4141444144444. 0144441441144444 4414411441444. ’
-44 44. 444444 1444 1444444 4441414 0411444 444444441444414444441114·
144444444414414. 4144444, Im. 41444, 44444 4144144444 decet] 1444414444 ·
1. 4. 1. 4. Η441.4444444,1’444.1.14· liberius 11441. 4. iugumque liberalius
41444. 11144444. 1144444. 44144444. 144. 4.4 44. 44. 11414414 41441444 de·
1144. 444444444114 1444 4441444 44· 44441 1144. Ρ44 444414444144444 11-
41144444 1441144444 ,4444 14 4444. 4414 1444144 44444 444141444141444. 1114
1444444444, 4444444 4414444444.11144 eju· 4444414 44444414 4144 44 xxm.
44444. 4444. 114444444444144444 4144.
441444 4444444444. Rom. 1414. 44 1144444 4114444444 ,1444411144 41-
Pan. 1481. ex 441444 4444444444 144444 444 genere loquendi. 11444
,4144444444414444 114444 11414 444· 414 44 11.. 41. ⁶ 144114 1444444414 Scor·
autumaverunt· 14444 4414441414· 4144441144 44144444 44444141144444
44 1444 444 u 41444 1144.. 444 44141 444444114444441444414444441 844
444 444444, 4111411114 cvi, 4144 4444. 44144444 444414 14444 4444414 quid
1144 1444111.44-4.44.414. 44 4. 48. 414444 44 supervacuum· 144444 (144·
44444. 4. 444. 1444. 44 41114 14- 44444 41 41 4441414444 4414444444·
414. 1444444444441444441144. 441414. 4414. Nee 1444444111. Sed 44414444
1.11444444.4141.’144444444414 44441444 144444 444414 111444441144.
1444Ρά41144 Im. 4. 4411441444.. 44414444441444444. 11144444444141
-411Ρ4444441441444 1444444414· 44114 11414444441444444, 44144. 1444
·444144444444441414]Ρο444441444 11444. 414444. 4444.4.411 mmmm
4. lm. 4. 4. 4. 4. 11441444. 11441. 4. 111.. 4444444144. 4444441, pam 41144-
044414. 1144. 44 frum. 1144. 114414- rem. 11444 444414 deinde 41444. J. 1.
414114 Pon. ’1444 414 1444414144. 4. 11444. cod. 1144144414 admodum

fflnineimmbmimm· 4444411444. 144144444144 444444

 

