4. 11111 11141. 1111 ιν. 4114. 50. 7445

44441444411441. 8444Ρ.4441144441 04441 4144414 iro 4411441 smeret]
141144.11444.1114411114,1414.4144144, 1141441 1414 1414. 1.’ Im. 1. 4. 5.
1141.1111141144,1.11141441.Ρ441.(144114. Gamo. 11441144. 41 Ρ441. 4111. 114.
11444114411111141. 044144 Ρ.444· 114144444441114144411141114444114
4144 441 14 41144414 1111144 44 41411111, 111444441444114441441144141. 841144
41411). 444114414111144441411. 1444141 ιιι. 44. ’0441114444111414111441441444

414144144 1411114 11414144 14 4444.1111444411411114441444114414441.’.144·
44411111444111414114141414411441111111144.*1141441114141411441144
8495. 4114114 41114414, 444 414444 44413
041444114144144441144441] 114 441· Vide 44 vn. 111. 98
4111114114. 14144444444114 44414444· 0444444441444444141444444] nee
444444141444411144441. 11144 44114411· 4414414411114111 4111144414 «nemoribus
411144 1144111, 11111 quod 44144441 141 eo· 0444444444 4. 14. 4411411111 ι11114-
44441 4441114444 11444441 1144141441 1444114144144414441144414144444
lm. 8. 5. 1144114. 41 fragm. 1144. 41 414114 4411411144, 1414414 114414141414,
414114 444441114444 44114141 14 1411. 4 mergunt& 4111144 1111441. 41. ’1)4·
411114. 141. 2. 41 11141444. 1141114411 ι1441114 44 441141 4111141 Ferentino,
ιο441111141444. 444 41111114 11144444 44414 superne 1414414 1441441114 eom
14441 44441411 44 141114 4114141411. 141114414114141443 Ρ1411144111Ρ14·
11144 44 xz. 1. 9 e. 111114 v. 4. 44. ι81111 44411111 4111111444
141444 44 mamm 1441114144 41111· 4444 44111441, 411144 44 14111444 141114-
1441441444] 41444444114444141. 4111. 1111141141,41141114441.’ 1144 nup·
4141444 14114. 1. 04141414 14411441, 1111411 14444 04411411414441114411444·
441 441114114144414-11411114 4141414111 11414141444,4141444141444441111141144·
4414441444 11414111 14444 41114041· 41144. 11444444, 1114411111. 111. vm·

1141411441.4114111.14.1141411144 411441 814414444114141111. 4. Qu “

11141114 1141411141 411441414111411. Ve- 444444 44411414444144114 boum
41141 44111 4411 41 (1441141441 11144114· (144414. 144114144144414114141411444·
144441 1141141444, 144 11444, 41144414 411 0444141. 44414414444441 up·
4444414, 4441114 14444441, 444411111- 41444. 444 44414 114411. 444 gnte
4144 1114441. 48. 0141111414 Mu· Klocklnn. 11144. 41 144141. 1144441.
41114401404111.1144Ρ1444.4.41. 41 114. α4441414444.11414.1.411144.
1141441. 44 Cle. 14 11444. ιι. 4. ox· 8. 1144414444 1444 4444444144 444·
1411111441, 14441414411111111411414144 cum, 144. 4. Vide 44 mu. 44.
1144 1141141414, 41 14144114411414114» 94.
1444. Qui 4414111 44414144141411444 Aa 1414141444 pum 444444 44
444114144144,44414414144411444 1414141411 44444411] ,44 interponendi·
1441144141441441441. Mox 44444144 11141441 11141. 4414141111144111 pomi
1144411414. l. 1144 que notantur 1444441114, 1414. 4111114,1.41. 1414-
44 44411. 15. 91. que, 11411. 1. Ρ411. (1441111. fragm.
94 ,4444414 144411441441,41·114411444 1144. 41 41141141 14411114 44 0441144. qul
4411114114] 44444414141411. 11444. 4. ms. 14141141144144 44414 4411411-
4111444111. Pullo 4414 44411444, 1144 1411. 1414444444 444444144111414
44411441, 141. 11. 1411114 44111411 4444. 414444444411144141441141144114114414·
114441 41114111 1144144144 4411441444 414· 14414441444441114141414444144,1411111
414441441141144. Ρ144411111144114- 141441144114114414144144441,4114111
41444, 414. 1444441 im 41111414 14 11111 hio 41441141 1114441 444444 41111441
414114. 11141119 11444. 44441 11144144 44441444. 14144141441144411444.1114·
4411111144, 11141414 444114, 1144144441 4141. 1484.
hanff-amolo· · §flmmmm

 

