7666 nom 6616166611 116

fleu. 1166611666 166. 1. 66. 66 6616666661 Putet 16 6666666
6η316.1166.66166666616661·’166.11666. 666166,66616ι111611161661666666,6
66166666, 1616. 1. 6111666. 6616666· 166. 6666666611666116636666666·
6661666666666. 11666 666 61. §h 16666 666661 [1666666661666 6. 166.
1666761666 6366 Ρ666. Ν6166111666, quinque, Pon. 1666. 1663611. Ηι6. 66
6. [6666116616. nmium-Gamo. 66111 61116 Auum: 6666 ,166666 ph·
661166. Videam-425⁸· 1161116166 6616 66 83666661166161.ι.21. 666
6616611661. 6661166666. 666. Vide 6636666 666166 661, quomodo 111666
66 6616. s 16. 661661116611616. nm· 66666611. 61 6666166661 11161. 16616.
bo, 1616. 1. 6. 6. 6. 16661666. 0666166. 666116,11611.661116, 61 1116611661. Vide
61 Ρ661. 666. 666· 61666611. 16. 666661666666611.1.66.*1163666
66. 66 ‘augore' 611161 661616 66 66616116
niumm-What. 661661166661161666611666. vide 66116.
qne 66666666 6661666666616666 publio· 666.6666166.66.68. 11166 6616
1166666 66116666] lau-nimus 1606. 6. reci-euin. 6166666 616 6666666666, Lip-
661166. afflatum. Deinde 61666.
qne pum 11666. 6166666, 1616. 6. Qum 6166666666, pertinum 66611116.
6.6.6. 11661. 6. (1666161. 66 Pon. 6 666666661Ρ16666 6616666 666316 huju
616. 666. 6666666661, 66 61666 6166166661, 16616616661661166666666661666. 813611.
11166. 066666 metim 11611 modo 661·
661666666166666663666666636661 6666661611 1661, 61 quon 1166666 Ox·
6666666] 06666666 6636661 per 616· 6611 6611111616, vernn 6666616 666661
36666, 666 per 6. 666 666 616666.6666161666611116666661 61661.
Est 66166 66366616616636Ἷ661166 666661666661666666661666111. 166666
conjugationis, 61611611*661366’666611- dubito, 666161 61666166661666 666. 661
66. 1166666666661 11666 6616666661 1661166666 sprevisset, 66 66 666116
6666116666616 61666666, 666 116 6661116 61666666. 6616661616 66666616666, qu
bene 66666661. 6166. 66666166 66 Sym· 6111616611, 116 666661166666661116 66666
6666116666 apud 1166661616 6636666. defendi 6166611. Num quenadmodum
1111111 1661666661 666. Livius 11. 6. 66661 6661666 Ι1611111666 partim 661,
‘Hoc 61616 66136 66661166666666661 616 613666 6616661 3' 166 nemini placebit,
’1666366616 66366666 6661616166 6611· ι6161111166661666161666161161 1616666616
66663 63666616616166 1161161. 6. 66. 63616, ut 666 tenent: 666 66616166-
’1166666666 61166666 66 6166666611 6161 11111166 6166116616 666161 6611666616 6·
11666166 666666 6611 1661361166] Nan 3616, 66666116661,’ 16 661, possidet.
nitidem 666 quod 66366. 8661661666 6661661161666616666 66 661 1666.
ι666666’66166161616’661116131116116· 661666166611166616661661666. vidue
116666 666. ‘ 11161661 66666166 6661666 ι. 6. 66. 66 xxv. 666 6· mu· 66.
616116661666616666166666661616.’11616. 11681366161661 66 Livium 666661.
stne 6661666666666666 161 mor. 6666. 6 6. 66 Burmann. 66 11116661 11611. 6.
6611161166, md. 6611161166, 166. 6. 6. 616. 66116166.1«’1666.1.611166 Ne·
6.Η661.666661166,116616661116611661. 11166. 031163. 66. 11. 61 6606166661.
066616. 1166. 1663611. 1166. 6666111666· 1161. 116. ’16.
6116 661116 mque 66 666. 066666. qui 6366666, nuper 66· 66616666 66316666,
6661616. 1166 666 6666 6666666116, 616616166666666666 6666616, 66 661666,
6661166666 scripturum 666166661116666· ,66666666 preda] Vocula 66· non 66666·
6666161616η6616616666616666666· 666 in 11666. 1. 1161666 6166116661
666666. 11166 61361166 1616. 6. ’1661- (1666661666. 661166. funium
666636661666166666.1.661.616.16 6666666666. Im. 6. &ss- 11661.
1116161666. 61 16 (1661116666. pr. Vide 6.1.6661666.11661.1166616. 66 666361.

 

