m Nom mmmm 111

x. 41. 18.1111111111111111111111·’ 1111111 11111111 Vix 11111 1111111·
11111111 reliquorum codicum 111. 11111111111111111111.’ 3111ρι
1111111111.11111μ1.1,11111111 1111111 1111111. Gen. 111111 011·
0111. C. 1111111 1111111111 Ρ111. 1111, 111111
1111111 11111111 1111111111111111111 11111111111,11111 111111 etin 111-
1111111] 1111111 11 111111 11 111. 111111111,1111111111,111111111,11
11111.1411.11Ρ1111.1481.1111 pm· 111111, 111. 1. 11 111. Rom. 1111.
cepo 0111. N. 1111 1111111111. Alibi 11 111111. 1181. 11111111, 11111111
1111111111111111111111111111111· 1111111 11111111. 1111111111 1111
11111111111111. 1111111 111. 18. 11111111111111111. 1. 11111111.
11. 1. et 11111 1111111111 Oxou. 11111
11111111111111111111111111111] Ρ111111111111111111111111111. Qun
1111111111111111181111. Ρ111111, 11111111111111111111111111 1111-
1111111111. 111111 11111 111111111111 1111111 1111111, gemin· 111111 1111 11-
1. 11. 11111111. 1111111111 111111111 11111. 811111111111111111111111111.
11111111111111111 111111, 1111111111 11111111111111111111111111111111111-
1111111111111 11111111 1111111111. 11111,1111111111111111111 putabunt,
1111111111 1111111111111. 0111111. 1111111111111111111. Vide 11111.
Ρ111.1.111.11.4111111 11111111 1111 411. 111. 8111111 111111 1111111111
111111.1ς.111“11111,11111111111Μ’11· 11111111111 1111. 1111111111, [eumz
11, Ρ111. 111111 (2111111.1111111 8. 4. 1. 11111. 1111111111, 11111111.
1111111111. 011111. 1111111111111 (111111. Pon· 1111111111. 1111. 11
1111111 1111111. 11111111. 1.11. 1. 11111111 111. 111111 primi Moguu·
11111111. 111111 11. 11. 11111 effreni 1111 1111111111 11111111. Vide 11 111.
11011111.1..1.110.11111111,111· 111 11. 1111111111 111111 1111111
1111111111111. Sed 111111 1111111 1111111111 11111. 1. 11 0111. 11.
1111 11111111111111111 11111. 11111. 111111111111111. 81111111 1111111111
2. Ρ111.1111111111111111111111. 11111111111111111 111 11111111, 111
111111“11111.11.1.11011111. 111111 111111.
effreni 1 11111 ‘effrenis’ formatum 11111111 igitur 1111111111 11111111 11111,
111, quemadmodum 1111111111 ‘ins 1111111111 1111111111, 111111] 1111111
111111’11*11111111.’ Et 11 111111 magis 11111111, 1111 11111 1111111111
111111 Ρ11111111111. 1111111144. 111111111111. 1111111111111111111
’1111111111 111111 11111111111 11 11111111111111111111111111.8. ‘Sm-
11111.111111111111111111111111111- 111 111111’ 111111111111 11111111,Ι
11111113 Sed 111111111111111111111· 1111. 81. ‘Pro diruto 11111 1111111
11111111 1111111 111 111111 11111 111111111111 opere, 1111111 11 11111
111111111111111. 1111111111111111- 111111 111111 11111111111111,111111-’
1111111111111 11. 11111. 1. 1111113 81111111 1111 1111111111 11·
§8 Ρ11111111111 1111111111111111- 1111111111 1111 111111 1111111111 11
1111 11.· 111111 111111111111111111 11· 1111111111 1111111111 1111111 ex 11111
sm] 1111111111111111Ρ111.111111111 111111111111. 11111111111111111111
111111111111111. Num 1111111111 singem, 111111 equitet 1101 11111111
conspectum oculorum 111111. 111 111111111111111111111111111. 111111111-
11111 11111111 1111. 1. ‘Quonim 1110111111 111. 11. ’01111111 11
conspectum 11111 111111 11 11111111- 1111111111111111111111111. Tum 111
11111111111111111111.’ 111 pulvere 11111111111111111111111111. Cim
Ρ11111111 111111. 111. 111. ‘Et 11111 1111111111111111111111111111111111111-
111111111ὴ,1111 11111 111111111111 111111111111111111 1111111111111
Una in nub'e 111111, 1111111111 1111- 11111111,111.11111111111111111 1111

 

