1. mvn 1111. 111111. 111. 9. (ml

1111111111 111111 benigniani· 11· 1111111111.11111.1111111111111·
1111111111. 11111111 1111111111. 1. 1111111111 panti 1111111* 11111
⁸ Antiochus 11111111 1111111111 11· 8111. jn 011. 1. 11. 1111111111 111111
11111 11111111111111.111 111, 111· 1111111, 111111111111. 11111 eopia,
11111111,11111111111111111111,1111- 111111111111111111 vide 0111.
11111111 11111 1111111 1111111111 111· 11 8111. 111. 1. 18. 11.111111111’
jain pcjua 0111111, 111 11111 11111,111111111111111111111 111·
111111. (1111111111. 11. 11. 1111 1111111, 111 1111111111 11111111,
1·- 111111 11111111 1111111111, 11 111 111111111111. 111111. 11. 1.
1111111 11111111 11111 1111111 1111111111 1111111 1111111 11111111
1111111111 11 Arum 1111111111.1 1111111111 1111111111111111-
ovidius 1111. xm· 111. 1 11111 1111111111111111111111111111111-
111, 11 cyclops 11111 1111 111 11111.1 1111111011111111111111
petebat} 011111 0111. Amr. 11. annuntiantum 111111111111111
11. 1 cum 11111111, eum indicio 111111 111111111111111.1 0111111111·
mim 1111111. 1111 11111111 11111· 1111111111 1111111111111,1111111·
1111.ι 1111111 1111111111, 11 1111· 1111, 111111 11111111 11111111· 11·
1111 111 emanti 111 1111111, 1111111111, 111 111111 11111111 (111·
111111111111111111111 111·4 11111111,11111111111111111 1111111,
111111,11111111111111 modum 11111. qun-din 111111, 1111 11111111· 11-
8111111111111111111111111111111 11111111’ tribuit Ι11111. 11 florib.
1111111 1111111111 memoremque 0111111. 1. ‘Reges 11 1111111111,
111111 111111111111111 111111 111· duca 111111111111111. Neo 11..
11111 sigonium 1111111111. 1.1·“. 11111 1111111 111111111 11111111.1
11111. 1111111111 11111111 1111111111 01111111,1111111111111, 1111111-
11111111111111111111.1111.111111111 1111 111111 1111111111111111111·
111 11111111. 1111111111. 11111111· 111111111111111, 11 1111111111111
1111 nu. 11 111111111111,1111 111110111111111111111111111111
111. 1111. 811111111111,111111111- 11111111111111 1111111111 111·
Ι111111111111111111111111111111111111· 11111111 111111. Putem 1111111·
11111 1111111111 11111 1111111111 1111 111’ 11 111111111111,’ 111111 1111,
11111, 11 11 primis 1111111111,11111 111111 1111111111 apud Auctor. 11
1111111111 1111111111. 11111111 11111111 1111111. 11. 11. 10111111 11111111
11111111111111111111111111- 111111111 111 111111, 111 parit 11·
1111111111ιί1. 81111111. 11111111 111111 cupidinum. 11111111 111·
11111111111111111111111111111Ι 1111 11 1111111111 1111111 1111111111
11111 1111111111 11 1111111 imm· 111111111111 111111111111111111
11111 1111111111. 11111 1. 11. 10111- 11 comt-j. 1111 11111 111111 infinita
1111111111, propinqum, 1111111111 11 1111111111 1111.

111131. 11. 1 largitionem 111111, 0⁸in 1111111111άί 1111111111
11111111111111111111, 1111111111 111111 mumque 1111111111 mu·
argum 1. 111. 1 Ne 1111111, 11.. 111111111111ΠΙΙ111111111 1111111111
1111111 11111111 1111111111 111 1111 1111111 11111 11 11111111 11111111
11111111 Diis 1111111111 11 11111111 11111 111111111111111111111111, nu·
111111 11111111 1111111. 1111111· cipi 111111. 111111 1111111111· ⁰¹⁸¹·
pum, 1111111111 11 prolium 111111 11111ο1111111 1111111,111111111
xxxv. 11. 1 singulo· 111111111111 11111111111111111111111111111111
11111111111,1111111111,11111111· 1111111111 1111 111 poue, 111 ty-
11111111111111111111111111111111.’ 1111111111. 011111111111111111,

111. 'Ad 11111111111111111111, 11111111111111111111111111111111·

 

