1971 “ 1111111111111 111

1411111111111111111111111111· 1111 111111111114 1111111111] Vide 11
suerint. 1111141111111111111111111- 1111111111 111111111111141, Βε-
1111111 1111111111 1111 1111411111 1111111 11 11114111. ‘rubum e. 1.
1111111111411111111. menum. 01111111111.11.1111.1111111.11.
111. [aet. xv. 1111111111. 11111111· 11. 111111. 111111. 1111. 11. Pom·
1111 11111111. 11. § 1. 11111 111111 111. l. 1. 111.1111.·1111111111.’ 1).
111111. 1111. 111. eutium 11 1110111111. 111111111111111101·
81111111. 111 11111111. 11 141. Ρ1111. 11 eod. 1111. 111. 111. 11.
111111111118111111.1. 1111111111. 11 111. ‘appetimus’

Pretio 11 411 pellicere 1111111] Non 1111111 Action. 11η. 814. 811. 1111.
1111111111111111 1111111111 11111 111 m. 11 1 11. Ῥ1111111111111’ 11111.
11111111111,11111 111111111111111· 111. 811. 11 Rom. 11111. 111. pugg.
1111 1111111411. 1111111111 11111· 481. 411. 481. 111111. Nque 11111111
11111 1111, conjungere 411111 1411111, 1114111111 1111111111 1111111. Anibi
111111111411 111114 proxime 11111· 11141111 11111111. Vide 1111111. 11
11111141111111 11111111ς411111111· 111. 1 1. neque 111111 114111. 11
1111111111,1111)11 11111111111111· 111 1114111111111 11111111 1111. 41
11111111411111411111141111111111· 1. 111. 111111111111111111111411-
1111111 111111111 11111111111111 11111114·111111111111111,· ‘nt 1111·
1111 11111111. Nm 1111111111111 11111,’·11111111111.’ Em 111111
111111111411111411.11.141 11111111. 11111111111111 11 xm· 44. 1 1.
nu. Ubi infrendens 11111111 inter· 01111 tamen 1111111111111.11111ι
1111111114111111111111111. Non 11114 1111 11111111, 11 1111111 1111111111.
11111 11111 lectio, 111411 fleam 011· 11111111. 11111111111111111111111-
11111 111. 1..1.1ο111111141111111111 1111111 Voss. 1. 11111141 1111111111.
,11111111 11111111111111111111114. 1111 1. 111111111. 1111111111 Flet-et
11111 1111111 11111111 1111 1. 1. 1 4. 11111. 1. 111111111114 «1111111111 111-
e. 11. 1 1. 11. 11. 14. 1114111. ο, 111111 1111111. 1111. 11111111 11111111 111·
1111. 1. 61111. 11.1. 11. 1. 8. 111111 111111, 11 quo errore 11111
1 1. 111. 1. 1 1. 11111. 11. 1 1. 1. 11. 111111111111 1 1111. 1111111111.
§ 1. 111. 11. § 11. et 1114111. 0111- 11 11111111111111111111111111.41111
1111111111111111111111111. 111111111111111411411111111141411111-

0111111111111111 animadvertant] 1111 11141111. 11 1116111111111111111
More 41111 snm· 1111. 1 111. 11. w- 1111111111. 111 ww, 11111111. vin.
111111111111111111111. 1111111111· 111111 1111111 11111111 1111111111. 11.
1111.11Ρ111111.ΕΙ.11.4.11.1141111 1111. Sed 11111. 1111411·11111-
1111111114. het 1111111111 vellet 1111 1111111111 4111111111 111111111111’
11111111 11 11111 1111111, contemni 11114111 sigonium 11111111. 111.
111111. 81111111111111111.1“1111. 11Β111111 111111111114. 1).
11 Moris. (1111141. 1. 11. ‘Ergo 111- 111 0111. 111. 1111111411 11141 11
11111111111111111111111111111111· 111111. 1111111111111111141114-
111111111111111,11111111111111111111· 1111 1111111 1111 111111 buben (111111.
mallonum· 111111111ιῖ11ὺί Gronov. 111111 11111111 141 11111 mor. 011
Τ1111111111111 111111 111111 1111111111 11111111111111111111111111111111111-
1111,1111111111111111 11111111 111· leuda 111111111111,11111,11111111111
11 1111111111 1111111 1111 1111111111· 111 1111 111111111111111111 11111.
1111114. Δ111111111111111111 11 11111. 1111111111111111111111111111111111·
1. Μ111111111111111,111111111111- 11 111111111111111111111111]0111ο
111,1111411111.11 (1111111. 1111111 1111 lib. c. 1. 16. ex Ρ11. 1.

11 1111111114111 4111111111 1111111· 11111111 11111111111111111111111-

 

